0 1 29 12 2018 19:25 19:45 108
0 1 30 12 2018 06:40 09:00 138
0 1 29 12 2018 06:25 08:45 108
0 1 29 12 2018 06:40 09:00 138
0 1 29 12 2018 08:35 10:50 655
0 1 29 12 2018 09:00 11:25 941
0 1 29 12 2018 11:30 13:50 158
0 1 29 12 2018 15:35 17:55 604
0 1 29 12 2018 17:35 19:55 509
0 1 29 12 2018 19:50 22:05 118
0 2 29 12 2018 06:30 09:00 965
0 2 29 12 2018 10:00 12:25 100
0 2 29 12 2018 12:45 15:05 438
0 2 29 12 2018 15:45 18:00 892
0 2 29 12 2018 17:05 19:25 993
6 0 29 12 2018 07:20 09:20 243
6 0 29 12 2018 09:50 11:50 231