0 1 06:25 08:45 108 29 12 2018
0 1 06:40 09:00 138 29 12 2018
0 1 08:35 10:50 655 29 12 2018
0 1 09:00 11:25 941 29 12 2018
0 1 11:30 13:50 158 29 12 2018
0 1 15:35 17:55 604 29 12 2018
0 1 17:35 19:55 509 29 12 2018
0 1 19:50 22:05 118 29 12 2018
0 6 07:15 10:45 584 29 12 2018
0 6 09:15 12:55 554 29 12 2018
0 6 12:55 15:55 211 29 12 2018
0 6 16:10 19:45 651 29 12 2018
0 8 07:05 10:15 802 29 12 2018
0 8 10:20 13:30 796 29 12 2018
0 8 12:40 16:00 766 29 12 2018
0 8 17:30 20:40 752 29 12 2018
0 8 19:30 22:40 850 29 12 2018
0 2 06:30 09:00 965 29 12 2018
0 2 10:00 12:25 100 29 12 2018
0 2 12:45 15:05 438 29 12 2018
0 2 15:45 18:00 892 29 12 2018
0 2 17:05 19:25 993 29 12 2018
0 2 20:25 22:35 993 29 12 2018
0 3 06:30 09:05 921 29 12 2018
0 3 10:30 13:05 903 29 12 2018
0 3 12:30 15:05 905 29 12 2018
0 3 17:30 20:05 547 29 12 2018
0 3 19:30 22:05 919 29 12 2018
0 7 10:15 17:15 220 29 12 2018
0 7 13:30 20:25 257 29 12 2018
0 9 07:45 13:25 640 29 12 2018
0 9 16:35 22:20 286 29 12 2018
0 5 16:15 23:00 198 29 12 2018
0 5 17:50 00:45 635 29 12 2018
4 6 06:25 08:10 418 29 12 2018
4 6 11:45 13:30 312 29 12 2018
4 6 16:40 18:25 625 29 12 2018
4 6 18:25 20:15 517 29 12 2018
4 5 11:55 17:25 185 29 12 2018
4 5 15:10 20:35 146 29 12 2018
4 7 08:10 11:40 853 29 12 2018
4 7 13:00 16:25 174 29 12 2018
4 2 06:00 08:30 166 29 12 2018
4 2 11:15 13:35 936 29 12 2018
4 2 13:00 15:25 258 29 12 2018
4 2 17:40 20:10 365 29 12 2018
6 3 07:20 09:20 243 29 12 2018
6 3 09:50 11:50 231 29 12 2018
6 3 13:25 15:25 930 29 12 2018
6 3 18:35 20:35 239 29 12 2018
6 1 06:10 08:20 869 29 12 2018
6 1 09:50 12:05 496 29 12 2018
6 1 13:05 15:20 456 29 12 2018
6 1 17:50 20:00 365 29 12 2018
6 9 08:15 11:10 785 29 12 2018
6 9 10:40 13:40 598 29 12 2018
6 9 17:25 20:25 452 29 12 2018
6 2 06:10 08:50 252 29 12 2018
6 2 10:00 12:35 563 29 12 2018
6 2 14:05 16:35 635 29 12 2018
6 2 17:15 19:50 658 29 12 2018
6 2 18:20 21:00 247 29 12 2018
6 2 21:00 23:25 563 29 12 2018
6 4 06:30 08:25 456 29 12 2018
6 4 09:05 11:00 357 29 12 2018
6 4 14:00 15:50 369 29 12 2018
6 4 17:35 19:20 361 29 12 2018
6 4 21:25 23:15 692 29 12 2018
6 7 10:15 16:00 357 29 12 2018
6 7 12:45 18:45 248 29 12 2018
6 7 21:30 03:15 365 29 12 2018
7 5 07:15 11:05 365 29 12 2018
7 5 12:45 16:30 145 29 12 2018
7 5 14:40 18:25 222 29 12 2018
7 5 21:45 01:35 614 29 12 2018
8 0 07:25 09:05 256 29 12 2018
8 0 20:10 21:35 365 29 12 2018
7 8 11:15 12:10 354 29 12 2018
7 8 20:35 21:30 145 29 12 2018
9 7 13:05 18:10 241 29 12 2018
1 0 07:20 07:45 341 29 12 2018
1 0 10:20 10:45 320 29 12 2018
1 0 13:20 13:45 203 29 12 2018
1 0 16:15 16:40 145 29 12 2018
1 0 15:55 19:15 635 29 12 2018
1 0 21:20 21:45 634 29 12 2018
1 6 06:20 08:25 761 29 12 2018
1 6 10:05 12:10 861 29 12 2018
1 6 13:20 15:25 465 29 12 2018
1 6 17:00 19:05 496 29 12 2018
1 6 21:20 23:25 264 29 12 2018
3 0 07:00 07:45 341 29 12 2018
3 0 10:00 10:45 320 29 12 2018
3 0 13:00 13:45 203 29 12 2018
3 0 16:00 16:45 145 29 12 2018
3 0 18:30 19:15 635 29 12 2018
3 0 21:00 21:45 634 29 12 2018
3 6 07:00 08:45 761 29 12 2018
3 6 10:55 12:45 861 29 12 2018
3 6 16:00 17:45 496 29 12 2018
3 6 21:55 23:40 264 29 12 2018
2 6 06:55 09:10 564 29 12 2018
2 6 12:00 14:10 589 29 12 2018
2 6 21:00 23:10 563 29 12 2018
2 6 21:40 23:55 642 29 12 2018
2 0 07:20 07:40 529 29 12 2018
2 0 10:05 10:30 696 29 12 2018
2 0 13:25 13:50 639 29 12 2018
2 0 16:40 17:00 596 29 12 2018
2 0 20:30 20:50 896 29 12 2018
5 7 12:00 15:40 642 29 12 2018
5 0 08:40 09:55 252 29 12 2018
5 0 17:40 18:45 633 29 12 2018